# Created by Octave 4.2.1, Tue Nov 14 14:56:28 2017 CET <enrico@zefram>
# name: Achebvand
# type: matrix
# rows: 16
# columns: 16
 1 1 1 1 1 1 1 1 1 1 1 1 1 1 1 1
 0 0.06666666666666667 0.1333333333333333 0.2 0.2666666666666667 0.3333333333333333 0.4 0.4666666666666667 0.5333333333333333 0.6 0.6666666666666666 0.7333333333333333 0.8 0.8666666666666667 0.9333333333333333 1
 -1 -0.9911111111111112 -0.9644444444444444 -0.9199999999999999 -0.8577777777777778 -0.7777777777777778 -0.6799999999999999 -0.5644444444444444 -0.4311111111111111 -0.28 -0.1111111111111112 0.07555555555555538 0.2800000000000002 0.5022222222222223 0.7422222222222223 1
 -0 -0.1988148148148148 -0.3905185185185185 -0.5680000000000001 -0.7241481481481481 -0.8518518518518519 -0.944 -0.9934814814814815 -0.9931851851851852 -0.9359999999999999 -0.8148148148148149 -0.6225185185185187 -0.3519999999999996 0.003851851851852106 0.4521481481481484 1
 1 0.9646024691358025 0.8603061728395062 0.6927999999999999 0.4715654320987654 0.2098765432098766 -0.07520000000000004 -0.362804938271605 -0.6282864197530863 -0.8431999999999999 -0.9753086419753085 -0.9885827160493827 -0.8431999999999997 -0.4955456790123454 0.101787654320988 1
 0 0.3274284773662551 0.6199334979423868 0.8451200000000001 0.9756497119341563 0.9917695473251029 0.88384 0.6548635390946502 0.3230130041152265 -0.07583999999999991 -0.4855967078189298 -0.8274027983539092 -0.99712 -0.8627976954732508 -0.2621445267489708 1
 -1 -0.9209453388203018 -0.694990573388203 -0.3547519999999998 0.04878108093278455 0.4513031550068587 0.7822720000000001 0.9740109080932785 0.9728336241426612 0.7521920000000001 0.3278463648834021 -0.2249413882030173 -0.7521920000000004 -0.9999703264746227 -0.5911241042524001 1
 -0 -0.450221189208962 -0.8052643175125743 -0.9870208 -0.9496331354366712 -0.6909007773205305 -0.2580223999999999 0.2542133084590764 0.7146761949702788 0.9784704 0.9227251943301327 0.4974887623228171 -0.2063872000000007 -0.8704842037494287 -0.8412871345221762 1
 1 0.8609158469257736 0.4802534220515166 -0.04005632000000026 -0.5552520864990091 -0.9119036732205457 -0.98868992 -0.7367451535314739 -0.2105123495076971 0.4219724799999999 0.9024538942234414 0.954591572943149 0.4219724799999993 -0.5088689600243872 -0.9792785468556621 1
 0 0.5650099687990652 0.933331896726312 0.9709982719999999 0.6534986893038663 0.08296499517350009 -0.5329295360000001 -0.9418421184217853 -0.9392227011118224 -0.4721034240000002 0.2805466646344557 0.9025788779938013 0.8815431679999997 -0.01155532695950912 -0.9866994862750598 1
 -1 -0.7855811844192315 -0.2313649162578334 0.4284556288000002 0.9037847207944045 0.9672136700028791 0.5623462911999999 -0.1423074903288591 -0.7913251983449133 -0.9884965888 -0.5283916747108338 0.3691907814477594 0.9884965888000001 0.4888397266279047 -0.8625604941911161 1
 -0 -0.6697541267216294 -0.9950292077284009 -0.7996160204799998 -0.1714801715468506 0.5618441181617526 0.9828065689600001 0.8090217941148501 0.0951424895439148 -0.7140924825599999 -0.985068897582234 -0.3610990652037542 0.7000513740800007 0.8588775197812106 -0.6234134362150237 1
 1 0.696280634189681 -0.03397620580307351 -0.7483020369920002 -0.9952408122860582 -0.5926509245617106 0.2238989639680002 0.8973944981693859 0.8928105205250891 0.1315856097280002 -0.7850335220654782 -0.898802743746599 0.131585609728001 0.999881307659527 -0.3011445867435948 1
 0 0.7625915446135868 0.9859688861809146 0.5002952056831997 -0.3593149283390471 -0.9569447345362263 -0.8036873977855998 0.02854640417657672 0.8571887323495136 0.8719952142336 -0.06164246517173677 -0.9571449589579242 -0.4895143985151991 0.8742500801619695 0.0612768742936467 1
 -1 -0.594601761574536 0.2969012421179841 0.94842011926528 0.8036061838385664 -0.04531223179577348 -0.8668488821964802 -0.8707511876045809 0.02152412731439213 0.9148086473523198 0.7028435685031624 -0.5050098627250231 -0.9148086473523196 0.5154854979545536 0.4155280854250686 1
 -0 -0.8418717794901917 -0.9067952216161188 -0.1209271579770877 0.7879048930529492 0.9267365800057107 0.1102082920284156 -0.841247512607519 -0.834229663214162 0.2257751625891837 0.9987672231759533 0.2164638269612237 -0.9741794372485124 0.01925811629259011 0.7143755518331482 1


